dataset No.1
---------------------------
---------------------------
----------RD---------------
----------PSL--------------
0.867404710176	0.867404710176	0.867404710176	0.867404710176	0.867404710176	0.867404710176	
0.8888888888888888	0.8888888888888888	0.8888888888888888	0.8888888888888888	0.8888888888888888	0.8888888888888888	
----------FairPSL----------
0.998868965517	0.994344827586	0.988689655172	0.943473792395	0.888721804519	0.869174107626	
0.8518518518518519	0.8518518518518519	0.8518518518518519	0.8888888888888888	0.8888888888888888	0.8888888888888888	
----------RR---------------
----------PSL--------------
-0.120467671852	-0.120467671852	-0.120467671852	-0.120467671852	-0.120467671852	-0.120467671852	
0.8888888888888888	0.8888888888888888	0.8888888888888888	0.8888888888888888	0.8888888888888888	0.8888888888888888	
----------FairPSL----------
-0.000884146341427	-0.00442073170726	-0.00884146341455	-0.0442073170732	-0.0894589552243	-0.12029288689	
0.8518518518518519	0.8518518518518519	0.8518518518518519	0.8888888888888888	0.8888888888888888	0.8888888888888888	
----------RC---------------
----------PSL--------------
2.31711321224	2.31711321224	2.31711321224	2.31711321224	2.31711321224	2.31711321224	
0.8888888888888888	0.8888888888888888	0.8888888888888888	0.8888888888888888	0.8888888888888888	0.8888888888888888	
----------FairPSL----------
1.001	1.005	1.01	1.05	1.1	1.5	
0.8518518518518519	0.8518518518518519	0.8518518518518519	0.8518518518518519	0.8518518518518519	0.8888888888888888	
---------------------------
---------------------------
dataset No.2
---------------------------
---------------------------
----------RD---------------
----------PSL--------------
0.928781765391	0.928781765391	0.928781765391	0.928781765391	0.928781765391	0.928781765391	
0.8725490196078431	0.8725490196078431	0.8725490196078431	0.8725490196078431	0.8725490196078431	0.8725490196078431	
----------FairPSL----------
0.99882439657	0.994133805112	0.988297032462	0.947850306807	0.938135566319	0.930977672737	
0.8725490196078431	0.8725490196078431	0.8725490196078431	0.8725490196078431	0.8725490196078431	0.8725490196078431	
----------RR---------------
----------PSL--------------
-0.0624051461742	-0.0624051461742	-0.0624051461742	-0.0624051461742	-0.0624051461742	-0.0624051461742	
0.8725490196078431	0.8725490196078431	0.8725490196078431	0.8725490196078431	0.8725490196078431	0.8725490196078431	
----------FairPSL----------
-0.000850562939626	-0.00426012089389	-0.00853857803278	-0.0429603534503	-0.0563381786586	-0.0614433056837	
0.8725490196078431	0.8725490196078431	0.8725490196078431	0.8725490196078431	0.8725490196078431	0.8725490196078431	
----------RC---------------
----------PSL--------------
1.50429362803	1.50429362803	1.50429362803	1.50429362803	1.50429362803	1.50429362803	
0.8725490196078431	0.8725490196078431	0.8725490196078431	0.8725490196078431	0.8725490196078431	0.8725490196078431	
----------FairPSL----------
1.001	1.005	1.01	1.05	1.09999999997	1.39880949326	
0.8725490196078431	0.8725490196078431	0.8725490196078431	0.8725490196078431	0.8725490196078431	0.8725490196078431	
---------------------------
---------------------------
dataset No.3
---------------------------
---------------------------
----------RD---------------
----------PSL--------------
0.803976050362	0.803976050362	0.803976050362	0.803976050362	0.803976050362	0.803976050362	
0.82	0.82	0.82	0.82	0.82	0.82	
----------FairPSL----------
0.998944	0.99472	0.98944	0.947200000002	0.894400000004	0.807095903127	
0.83	0.83	0.83	0.82	0.83	0.82	
----------RR---------------
----------PSL--------------
-0.186660872027	-0.186660872027	-0.186660872027	-0.186660872027	-0.186660872027	-0.186660872027	
0.82	0.82	0.82	0.82	0.82	0.82	
----------FairPSL----------
-0.000946969696963	-0.00473484848482	-0.00946969696965	-0.0473484848485	-0.0946969696957	-0.185896030005	
0.83	0.83	0.83	0.82	0.84	0.82	
----------RC---------------
----------PSL--------------
4.90790324448	4.90790324448	4.90790324448	4.90790324448	4.90790324448	4.90790324448	
0.82	0.82	0.82	0.82	0.82	0.82	
----------FairPSL----------
1.001	1.005	1.01	1.04999999999	1.09999999991	1.5	
0.83	0.83	0.83	0.83	0.83	0.83	
---------------------------
---------------------------

