dataset No.1
---------------------------
---------------------------
----------RD---------------
----------PSL--------------
0.45277361319340326	0.45277361319340326	0.45277361319340326	0.45277361319340326	0.45277361319340326	0.45277361319340326	
0.7227722772277227	0.7227722772277227	0.7227722772277227	0.7227722772277227	0.7227722772277227	0.7227722772277227	
----------FairPSL----------
0.0009999999999998899	0.004999999999999893	0.010000000000000009	0.04999999999999993	0.10000000000000009	0.45277361319340326	
0.6732673267326733	0.6732673267326733	0.6732673267326733	0.6732673267326733	0.6534653465346535	0.7227722772277227	
----------RR---------------
----------PSL--------------
1.946708463949843	1.946708463949843	1.946708463949843	1.946708463949843	1.946708463949843	1.946708463949843	
0.7227722772277227	0.7227722772277227	0.7227722772277227	0.7227722772277227	0.7227722772277227	0.7227722772277227	
----------FairPSL----------
1.001	1.005	1.0099999999999998	1.05	1.1	1.5	
0.6732673267326733	0.6732673267326733	0.6732673267326733	0.6831683168316832	0.6534653465346535	0.7029702970297029	
----------RC---------------
----------PSL--------------
0.13218390804597707	0.13218390804597707	0.13218390804597707	0.13218390804597707	0.13218390804597707	0.13218390804597707	
0.7227722772277227	0.7227722772277227	0.7227722772277227	0.7227722772277227	0.7227722772277227	0.7227722772277227	
----------FairPSL----------
0.9990000000000006	0.9950000000000002	0.9900000000000013	0.9500000000000012	0.9000000000000012	0.5	
0.6732673267326733	0.6732673267326733	0.6732673267326733	0.6732673267326733	0.6831683168316832	0.7029702970297029	
---------------------------
---------------------------
dataset No.2
---------------------------
---------------------------
----------RD---------------
----------PSL--------------
0.36043510324483774	0.36043510324483774	0.36043510324483774	0.36043510324483774	0.36043510324483774	0.36043510324483774	
0.7064676616915423	0.7064676616915423	0.7064676616915423	0.7064676616915423	0.7064676616915423	0.7064676616915423	
----------FairPSL----------
0.001000000000000112	0.0050000000000001155	0.010000000000000009	0.050000000000000044	0.09999999999999998	0.36043510324483774	
0.6417910447761194	0.6417910447761194	0.6467661691542289	0.6517412935323383	0.6666666666666666	0.7064676616915423	
----------RR---------------
----------PSL--------------
1.5965822398535245	1.5965822398535245	1.5965822398535245	1.5965822398535245	1.5965822398535245	1.5965822398535245	
0.7064676616915423	0.7064676616915423	0.7064676616915423	0.7064676616915423	0.7064676616915423	0.7064676616915423	
----------FairPSL----------
1.0010000000000001	1.0050000000000001	1.01	1.0499999999999998	1.1	1.5	
0.6417910447761194	0.6417910447761194	0.6417910447761194	0.6517412935323383	0.6616915422885572	0.7164179104477612	
----------RC---------------
----------PSL--------------
0.08942710759198895	0.08942710759198895	0.08942710759198895	0.08942710759198895	0.08942710759198895	0.08942710759198895	
0.7064676616915423	0.7064676616915423	0.7064676616915423	0.7064676616915423	0.7064676616915423	0.7064676616915423	
----------FairPSL----------
0.9989999999999988	0.9949999999999992	0.9899999999999995	0.9499999999999985	0.8999999999999992	0.5000000000000003	
0.6417910447761194	0.6417910447761194	0.6417910447761194	0.6417910447761194	0.6417910447761194	0.6766169154228856	
---------------------------
---------------------------
dataset No.3
---------------------------
---------------------------
----------RD---------------
----------PSL--------------
0.394812774608171	0.394812774608171	0.394812774608171	0.394812774608171	0.394812774608171	0.394812774608171	
0.7445109780439122	0.7445109780439122	0.7445109780439122	0.7445109780439122	0.7445109780439122	0.7445109780439122	
----------FairPSL----------
0.0010000000000000009	0.0050000000000000044	0.009999999999999898	0.050000000000000044	0.09999999999999998	0.41442061774542593	
0.6726546906187625	0.6726546906187625	0.6746506986027944	0.6826347305389222	0.6926147704590818	0.7445109780439122	
----------RR---------------
----------PSL--------------
1.68255767813616	1.68255767813616	1.68255767813616	1.68255767813616	1.68255767813616	1.68255767813616	
0.7445109780439122	0.7445109780439122	0.7445109780439122	0.7445109780439122	0.7445109780439122	0.7445109780439122	
----------FairPSL----------
1.0010000000000001	1.0050000000000001	1.01	1.05	1.1	1.5000000000000002	
0.6726546906187625	0.6726546906187625	0.6746506986027944	0.6826347305389222	0.6906187624750499	0.7385229540918163	
----------RC---------------
----------PSL--------------
0.0634673718596873	0.0634673718596873	0.0634673718596873	0.0634673718596873	0.0634673718596873	0.0634673718596873	
0.7445109780439122	0.7445109780439122	0.7445109780439122	0.7445109780439122	0.7445109780439122	0.7445109780439122	
----------FairPSL----------
0.998999999999996	0.9949999999999974	0.9900000000000017	0.9499999999999973	0.8999999999999985	0.4999999999999996	
0.6726546906187625	0.6726546906187625	0.6726546906187625	0.6726546906187625	0.6726546906187625	0.718562874251497	
---------------------------
---------------------------

